MaxPooling 
avg_acc: 0.9723085370328691
avg_val_acc: 0.9728593753443824
avg_loss: 0.06195419459707207
avg_val_loss: 0.06477783403048913
evl_acc: 0.949999988079071
evl_loss: 0.12127069383859634
AvgPooling 
avg_acc: 0.9550921049382951
avg_val_acc: 0.9546977205408944
avg_loss: 0.10036243771513303
avg_val_loss: 0.10205224889020124
evl_acc: 0.8999999761581421
evl_loss: 0.6301558613777161
MinPooling 
avg_acc: 0.851961366335551
avg_val_acc: 0.8565209017859565
avg_loss: 0.28587826705641217
avg_val_loss: 0.27928089077274004
evl_acc: 0.699999988079071
evl_loss: 0.6366329789161682
